devide into 2 parts
minimum k_dist is 103.075
recursionDepth = 75
5th minimum k_dist is 126.096
recursionDepth = 75
50th minimum k_dist is 208.475
recursionDepth = 89
maximum k_dist is 2735.8
recursionDepth = 221

devide into 3 parts
minimum k_dist is 103.075
recursionDepth = 72
5th minimum k_dist is 126.096
recursionDepth = 72
50th minimum k_dist is 208.475
recursionDepth = 88
maximum k_dist is 2735.8
recursionDepth = 212

1 103.075
2 103.783
3 107.679
4 121.091
5 126.096
6 128.825
7 136.177
8 148.4
9 161.289
10 161.578
11 171.394
12 173.016
13 183.765
14 188.45
15 189.012
16 190.333
17 195.087
18 195.452
19 196.968
20 197.559
21 197.559
22 198.127
23 198.899
24 200.609
25 200.609
26 201.75
27 201.965
28 202.631
29 202.746
30 202.774
31 203.213
32 203.213
33 203.67
34 203.67
35 203.713
36 204.172
37 204.684
38 205.009
39 206.113
40 206.125
41 206.125
42 206.318
43 206.464
44 206.595
45 206.923
46 207.014
47 207.014
48 207.063
49 207.314
50 208.475
51 209.546
52 209.559
53 210.516
54 211.509
55 212.159
56 212.472
57 212.478
58 212.48
59 212.484
60 212.484
61 213.456
62 213.46
63 213.947
64 214.319
65 214.436
66 215.521
67 215.521
68 217.036
69 217.053
70 217.053
71 217.465
72 217.788
73 218.327
74 218.432
75 218.773
76 218.872
77 219.362
78 219.362
79 219.368
80 219.57
81 220.379
82 220.944
83 221.406
84 222.139
85 222.156
86 222.286
87 223.745
88 225.316
89 225.317
90 225.317
91 226.21
92 227.308
93 227.308
94 229.318
95 229.318
96 229.339
97 229.904
98 229.904
99 230.116
100 230.814
101 230.878
102 230.979
103 233.506
104 233.518
105 233.518
106 233.518
107 233.744
108 233.744
109 233.755
110 234.28
111 234.322
112 235.335
113 236.543
114 236.825
115 236.96
116 237.699
117 238.147
118 238.354
119 238.354
120 238.361
121 238.399
122 238.891
123 238.891
124 239.259
125 239.505
126 239.554
127 239.857
128 239.857
129 239.995
130 240.819
131 241.075
132 242.493
133 243.603
134 244.28
135 244.28
136 244.408
137 244.437
138 244.703
139 245.008
140 245.042
141 246.549
142 246.549
143 246.947
144 247.456
145 248.898
146 248.898
147 249.574
148 249.574
149 250.102
150 250.102
151 250.176
152 250.524
153 251.245
154 251.542
155 252.05
156 252.05
157 252.151
158 252.158
159 252.158
160 253.606
161 253.606
162 254.268
163 254.845
164 254.975
165 255.447
166 255.447
167 255.609
168 255.61
169 255.61
170 256.025
171 256.042
172 257.297
173 257.297
174 257.676
175 257.676
176 257.722
177 258.403
178 258.689
179 259.026
180 259.722
181 259.722
182 259.764
183 261.57
184 261.647
185 261.647
186 263.438
187 264.135
188 266.7
189 266.91
190 266.912
191 267.11
192 267.256
193 267.646
194 267.646
195 267.95
196 267.952
197 268.978
198 268.978
199 269.102
200 269.139
201 269.589
202 269.589
203 270.001
204 271.965
205 272.018
206 272.742
207 273.544
208 273.544
209 273.596
210 274.136
211 274.312
212 274.312
213 274.961
214 275.174
215 275.813
216 275.818
217 275.826
218 275.857
219 276.209
220 276.215
221 277.245
222 277.985
223 277.985
224 278.022
225 278.877
226 278.881
227 278.881
228 279.313
229 279.317
230 279.329
231 279.329
232 279.342
233 279.342
234 279.687
235 279.755
236 279.94
237 280.313
238 280.368
239 280.376
240 280.564
241 280.564
242 280.622
243 281.295
244 281.409
245 281.577
246 281.577
247 281.869
248 282.292
249 282.771
250 283.51
251 283.89
252 285.042
253 285.042
254 285.491
255 285.557
256 285.557
257 285.882
258 285.888
259 285.888
260 288.486
261 288.592
262 289.107
263 291.43
264 291.497
265 292.245
266 292.562
267 292.662
268 292.78
269 292.879
270 293.715
271 293.834
272 293.909
273 294.709
274 294.788
275 294.846
276 294.846
277 295.513
278 295.513
279 297.061
280 297.071
281 297.136
282 297.202
283 297.202
284 297.836
285 298.11
286 298.11
287 298.114
288 299.611
289 300.44
290 301.275
291 302.167
292 302.3
293 302.544
294 302.585
295 302.585
296 302.62
297 302.62
298 302.645
299 302.682
300 302.713
301 302.713
302 302.733
303 302.823
304 302.843
305 302.869
306 302.884
307 302.911
308 302.973
309 303.065
310 303.148
311 303.18
312 303.232
313 303.232
314 303.293
315 303.357
316 303.401
317 303.416
318 303.432
319 303.439
320 303.439
321 303.608
322 303.618
323 303.76
324 303.815
325 304.091
326 304.099
327 304.134
328 304.134
329 304.141
330 304.267
331 304.305
332 304.513
333 304.537
334 304.637
335 304.681
336 305.024
337 305.166
338 305.403
339 305.403
340 305.446
341 305.895
342 306.03
343 306.116
344 306.294
345 306.502
346 306.576
347 307.03
348 307.03
349 307.082
350 307.082
351 307.089
352 307.139
353 307.228
354 307.299
355 307.341
356 307.457
357 307.544
358 307.79
359 307.802
360 307.928
361 307.979
362 307.979
363 308.048
364 308.048
365 308.172
366 308.438
367 308.983
368 309.226
369 309.245
370 309.332
371 309.519
372 309.519
373 309.655
374 309.917
375 310.47
376 310.47
377 310.755
378 310.811
379 311.241
380 311.352
381 311.463
382 311.886
383 311.886
384 312.008
385 312.008
386 312.331
387 312.331
388 312.817
389 312.936
390 312.99
391 313.017
392 314.108
393 314.159
394 314.423
395 314.551
396 314.551
397 314.696
398 314.878
399 314.927
400 315.004
401 315.004
402 315.096
403 315.096
404 315.132
405 315.548
406 315.557
407 315.595
408 315.632
409 315.726
410 315.88
411 316.105
412 316.134
413 316.134
414 316.276
415 316.764
416 317.064
417 317.227
418 317.263
419 317.324
420 317.324
421 317.553
422 317.648
423 317.766
424 317.766
425 317.941
426 317.941
427 318.182
428 318.311
429 318.311
430 318.349
431 318.349
432 318.946
433 319.219
434 319.39
435 319.471
436 319.62
437 319.62
438 319.828
439 320.178
440 320.208
441 320.208
442 320.366
443 320.689
444 320.713
445 320.736
446 320.813
447 320.854
448 321.013
449 321.013
450 321.268
451 321.268
452 321.579
453 321.743
454 321.743
455 322.31
456 322.502
457 322.751
458 322.859
459 322.859
460 323.143
461 323.269
462 323.31
463 323.31
464 323.573
465 323.638
466 323.949
467 323.949
468 324.86
469 325.035
470 325.331
471 325.331
472 325.54
473 325.591
474 325.939
475 325.939
476 326.01
477 326.073
478 326.073
479 326.44
480 326.795
481 326.795
482 326.994
483 327.282
484 327.312
485 327.613
486 327.613
487 327.673
488 328.554
489 328.852
490 329.823
491 330.264
492 330.671
493 330.877
494 331.2
495 331.2
496 331.61
497 331.671
498 331.855
499 331.855
500 331.973
501 332.335
502 332.569
503 332.569
504 333.02
505 333.209
506 333.511
507 333.511
508 333.526
509 333.608
510 333.638
511 333.962
512 333.978
513 334.481
514 334.806
515 335.031
516 335.036
517 335.34
518 335.46
519 335.703
520 335.703
521 335.893
522 336.306
523 336.341
524 336.341
525 336.404
526 336.514
527 336.627
528 337.305
529 337.314
530 337.817
531 337.904
532 338.218
533 338.328
534 338.375
535 338.375
536 338.444
537 339.076
538 339.272
539 339.277
540 339.708
541 340.346
542 340.633
543 340.633
544 341.048
545 341.41
546 341.41
547 341.441
548 341.603
549 342.526
550 342.526
551 342.947
552 342.947
553 343.208
554 343.451
555 343.51
556 343.676
557 343.731
558 343.767
559 343.95
560 344.139
561 344.596
562 344.598
563 344.634
564 345.069
565 346.109
566 347.267
567 347.347
568 347.459
569 348.297
570 348.525
571 348.784
572 348.784
573 349.196
574 349.196
575 350.005
576 350.005
577 350.541
578 350.616
579 350.988
580 350.993
581 350.993
582 350.998
583 350.998
584 351.001
585 351.001
586 351.886
587 352.116
588 352.209
589 352.452
590 352.802
591 352.887
592 352.887
593 352.899
594 352.987
595 353.013
596 353.12
597 353.232
598 353.756
599 353.756
600 354.19
601 354.19
602 354.566
603 354.566
604 354.795
605 355.221
606 356.326
607 357.16
608 357.944
609 358.159
610 358.575
611 358.621
612 359.19
613 359.293
614 359.314
615 359.532
616 360.073
617 360.075
618 360.14
619 360.395
620 361.031
621 361.219
622 361.95
623 362.901
624 363.681
625 364.032
626 364.707
627 364.884
628 364.917
629 366.031
630 366.383
631 366.536
632 366.596
633 366.665
634 367.006
635 367.018
636 367.548
637 367.584
638 367.921
639 369.084
640 369.156
641 369.162
642 369.292
643 369.398
644 370.227
645 370.985
646 371.261
647 371.261
648 371.311
649 371.782
650 371.883
651 372.291
652 372.367
653 373.937
654 373.937
655 374.052
656 374.052
657 374.323
658 374.97
659 374.97
660 375.047
661 375.591
662 375.721
663 375.721
664 375.968
665 376.472
666 376.659
667 376.662
668 376.662
669 377.134
670 377.416
671 377.416
672 377.86
673 379.778
674 380.455
675 380.455
676 380.483
677 380.625
678 380.693
679 380.927
680 381.609
681 381.748
682 382.027
683 382.03
684 382.552
685 383.003
686 386.372
687 386.569
688 386.748
689 387.316
690 389.371
691 389.894
692 390.133
693 390.769
694 390.836
695 390.836
696 391.06
697 391.49
698 392.06
699 392.1
700 393.841
701 396.002
702 397.539
703 397.695
704 397.695
705 398.836
706 398.858
707 399.013
708 399.222
709 399.329
710 400.06
711 400.06
712 400.474
713 400.595
714 401.032
715 401.032
716 402.472
717 403.364
718 403.386
719 403.571
720 403.579
721 403.681
722 403.806
723 403.809
724 403.973
725 404.081
726 404.081
727 404.31
728 404.449
729 404.511
730 404.511
731 404.626
732 404.629
733 404.693
734 404.868
735 404.868
736 405.263
737 405.263
738 405.608
739 405.7
740 406.468
741 406.577
742 406.654
743 406.756
744 406.786
745 406.947
746 407.126
747 407.415
748 407.798
749 407.987
750 408.191
751 408.191
752 408.392
753 408.392
754 408.697
755 408.922
756 409.393
757 409.462
758 410.107
759 410.235
760 410.46
761 410.945
762 411.45
763 411.459
764 411.603
765 411.713
766 411.899
767 411.942
768 412.066
769 412.066
770 412.287
771 412.367
772 412.367
773 412.378
774 412.638
775 412.804
776 412.804
777 413.246
778 414.197
779 414.197
780 414.411
781 415.165
782 415.573
783 416.133
784 416.215
785 416.215
786 416.45
787 416.45
788 416.655
789 416.781
790 417.148
791 417.574
792 418.008
793 418.094
794 418.16
795 418.393
796 418.393
797 418.972
798 419.824
799 420.065
800 420.091
801 420.115
802 420.454
803 420.754
804 421.569
805 423.266
806 423.44
807 423.44
808 423.729
809 423.729
810 424.217
811 425.147
812 425.241
813 425.445
814 425.445
815 426.221
816 426.453
817 429.13
818 429.421
819 429.838
820 429.838
821 430.183
822 430.183
823 430.509
824 432.111
825 433.102
826 433.795
827 434.346
828 435.13
829 435.826
830 436.755
831 437.786
832 439.131
833 440.3
834 440.898
835 440.97
836 440.97
837 441.156
838 441.38
839 441.38
840 441.824
841 442.871
842 443.223
843 443.676
844 446.31
845 446.626
846 446.98
847 448.388
848 449.365
849 449.817
850 450.815
851 450.815
852 451.678
853 453.568
854 453.568
855 454.328
856 456.488
857 457.652
858 457.652
859 458.811
860 461.012
861 461.131
862 463.071
863 463.88
864 463.903
865 464.81
866 465.08
867 465.08
868 465.258
869 466.714
870 467.504
871 467.693
872 467.693
873 468.322
874 469.267
875 469.607
876 469.887
877 469.928
878 471.047
879 471.623
880 472.531
881 472.652
882 474.278
883 475.755
884 475.995
885 476.844
886 478.021
887 478.58
888 479.011
889 479.381
890 479.729
891 482.743
892 483.859
893 486.818
894 486.818
895 488.2
896 488.83
897 493.36
898 496.973
899 496.993
900 497.307
901 497.635
902 497.99
903 498.304
904 500.165
905 500.165
906 500.513
907 504.256
908 504.318
909 505.143
910 505.151
911 505.495
912 505.964
913 508.568
914 510.055
915 510.265
916 512.331
917 513.484
918 514.622
919 514.667
920 516.5
921 517.855
922 517.855
923 518.471
924 522.289
925 522.512
926 523.162
927 528.19
928 531.208
929 531.575
930 531.705
931 533.609
932 534.208
933 534.254
934 534.74
935 534.74
936 537.206
937 542.472
938 543.092
939 543.092
940 545.587
941 545.587
942 548.812
943 551.784
944 553.677
945 563.028
946 563.028
947 564.104
948 564.104
949 567.074
950 574.198
951 575.534
952 576.806
953 577.898
954 596.246
955 602.687
956 607.193
957 608.7
958 608.809
959 609.526
960 612.739
961 612.739
962 612.994
963 613.174
964 615.236
965 615.57
966 615.57
967 618.512
968 621.359
969 621.4
970 625.702
971 628.806
972 634.768
973 640.069
974 644.516
975 647.035
976 649.729
977 652.989
978 653.841
979 664.088
980 675.894
981 675.894
982 687.707
983 687.71
984 689.232
985 696.678
986 708.076
987 708.696
988 722.988
989 730.589
990 737.023
991 748.165
992 748.165
993 753.612
994 758.891
995 801.405
996 801.405
997 810.249
998 811.37
999 811.387
1000 819.788
1001 823.261
1002 827.782
1003 835.284
1004 842.528
1005 842.528
1006 860.861
1007 861.984
1008 877.553
1009 878.178
1010 896.523
1011 896.784
1012 914.185
1013 914.484
1014 950.703
1015 1011.9
1016 1033.89
1017 1050.75
1018 1096.02
1019 1110.46
1020 1111.2
1021 1173.66
1022 1183.44
1023 1183.44
1024 1188.65
1025 1322.61
1026 1366.48
1027 1426.7
1028 1463.87
1029 1531.77
1030 1649.27
1031 2029.69
1032 2346.04
1033 2735.8
